-1.9501900247543926e-08
-1.9501900238645464e-08
-1.950190018647156e-08
-1.950190017306568e-08
-1.9501900157086773e-08
-1.950189997877411e-08
-1.9501899909580473e-08
-1.9501870484772953e-08
-1.9501870240001832e-08
-1.9501842224689122e-08
-1.950184061850904e-08
-1.950178922766511e-08
-1.9501739038039665e-08
-1.9501706868110168e-08
-1.9501579528064347e-08
-1.9501544186366927e-08
-1.950150664572835e-08
-1.9501505249000015e-08
-1.9501465746363604e-08
-1.950146563310864e-08
-1.95013656002556e-08
-1.9501269560621425e-08
-1.9501152370633754e-08
-1.9501138418863194e-08
-1.950106436467256e-08
-1.950061348445495e-08
-1.9500556789917934e-08
-1.950040131830591e-08
-1.950037309525254e-08
-1.95002684518469e-08
-1.950021423296383e-08
-1.9499876251401516e-08
-1.949975565032644e-08
-1.9499685154265334e-08
-1.949940850923945e-08
-1.949933987325536e-08
-1.949893137371856e-08
-1.9498682584807557e-08
-1.9498521249237358e-08
-1.9498116260838238e-08
-1.949796399155221e-08
-1.9497758658728205e-08
-1.9497663049945773e-08
-1.9496968456843176e-08
-1.9496508468758195e-08
-1.9496422404598784e-08
-1.949638910960907e-08
-1.9496350599627065e-08
-1.9496285299293056e-08
-1.9495853295880183e-08
-1.9495352526575257e-08
-1.949480351393673e-08
-1.9493278747586952e-08
-1.949259652017853e-08
-1.9491962552939764e-08
-1.949171622498133e-08
-1.9491119494844844e-08
-1.9490293911677994e-08
-1.9489464185148352e-08
-1.9487853037100084e-08
-1.948668219655497e-08
-1.948605526062271e-08
-1.948522256600148e-08
-1.9484641342735488e-08
-1.9484380780572882e-08
-1.9484140933271356e-08
-1.9484012200887798e-08
-1.9483990589680288e-08
-1.9483942219485982e-08
-1.948391954738722e-08
-1.9483872403679673e-08
-1.9483861539730542e-08
-1.9483848611500344e-08
-1.9483821063282384e-08
-1.9483814549815764e-08
-1.9483796526833928e-08
-1.948375183116366e-08
-1.9483729756079576e-08
-1.9483695475785722e-08
-1.9483684214213613e-08
-1.948365795032527e-08
-1.948364413829453e-08
-1.9483629354742512e-08
-1.9483566054459694e-08
-1.9483550458585454e-08
-1.9483469578593658e-08
-1.9483442455156984e-08
-1.948342983064096e-08
-1.9483421841217254e-08
-1.9483414917837652e-08
-1.948326825134533e-08
-1.9483260553199153e-08
-1.9483181433254535e-08
-1.9483163510911962e-08
-1.9483213767815857e-08
-1.9483109080627155e-08
-1.9483116426909668e-08
-1.9483109989453343e-08
-1.948309530149208e-08
-1.9483081190624112e-08
-1.9478920447617667e-08
-1.947892364282012e-08
-1.947890128829759e-08
-1.9478888928852554e-08
-1.9479233486459082e-08
-1.9479191406579474e-08
-1.9479179939841427e-08
-1.9479171515449767e-08
-1.9479163059475177e-08
-1.9479156100503267e-08
-1.9479156044942303e-08
-1.947914672165656e-08
-1.9479130441276584e-08
-1.947911399603745e-08
-1.9478882921632152e-08
-1.9478871983558023e-08
-1.9478871237157933e-08
-1.9478879169235962e-08
-1.9479461437547382e-08
-1.9479455237096435e-08
-1.9479457980739853e-08
-1.9479446782137728e-08
-1.9479431741024796e-08
-1.9479418277842738e-08
-1.9479398878128096e-08
-1.947941502732511e-08
-1.9479400364845165e-08
-1.9479385454957174e-08
-1.9479378993007485e-08
-1.9479373193045673e-08
-1.9479313750365364e-08
-1.947936746152124e-08
-1.9479366496711247e-08
-1.9479351203898523e-08
-1.947933766804429e-08
-1.9479395373341685e-08
-1.9479377389070244e-08
-1.9479363876497136e-08
-1.947935236350613e-08
-1.947935585280168e-08
-1.9479354711692993e-08
-1.947934028864642e-08
-1.9479292555061622e-08
-1.9479097947302778e-08
-1.947860370891836e-08
-1.947808155521093e-08
-1.9477434620207416e-08
-1.9476578693384103e-08
-1.9475818145180322e-08
-1.947523091531511e-08
-1.9474112206707693e-08
-1.9473469786100023e-08
-1.9048335804822077e-08
-1.904749501476363e-08
-1.9047175957967957e-08
-1.9046880179678915e-08
-1.9046687884904053e-08
-5.036868561338109e-09
-5.036495973083623e-09
-5.035240086239815e-09
-5.0346818192034475e-09
-5.033741473191519e-09
-5.0330049992618135e-09
-5.032767243904669e-09
-5.034504841524795e-09
-5.033636267053241e-09
-5.0335394028767615e-09
-5.031672615395522e-09
-5.032748072913733e-09
-5.03051048595754e-09
-5.030292114613145e-09
-5.030474491725443e-09
-5.029990133538233e-09
-5.030294939727772e-09
-5.032504768073691e-09
-5.0321649732734136e-09
-5.029779138128856e-09
-5.02908432145778e-09
-5.031248446698538e-09
-5.0319976020596905e-09
-5.032117938829753e-09
-5.032145083606951e-09
-5.030384027261576e-09
-5.030282297159387e-09
-5.028426243182015e-09
-5.0280781566530746e-09
-5.025784730654014e-09
-5.021751563466968e-09
-4.9919275743565865e-09
-4.99383191152264e-09
-4.987887770061487e-09
-4.987345058384789e-09
-4.9871984588218e-09
-4.986807406124429e-09
-4.986011829329109e-09
-4.984973993456412e-09
-4.978868196072352e-09
-4.969899266664135e-09
-4.969476094093958e-09
-4.969396780080429e-09
-5.079942746667603e-09
-5.079874920154752e-09
-5.079740753249702e-09
-5.079625309136127e-09
-5.0795218644838536e-09
-5.079372161392053e-09
-5.079971823714821e-09
-5.07981729545961e-09
-5.078479031803079e-09
-5.0773078280414544e-09
-5.077083340362781e-09
-5.077084520349801e-09
-5.0767008444620915e-09
-5.076507537873316e-09
-5.074329888781574e-09
-5.073727141949868e-09
-5.073615813036381e-09
-5.089627776749358e-09
-5.08966976111714e-09
-5.089179577763772e-09
-5.084383733250926e-09
-5.083191031588914e-09
-5.086317035424582e-09
-5.085611084791838e-09
-5.084821683270816e-09
-5.083940449565228e-09
-5.083880035869548e-09
-5.083745017322832e-09
-5.082257937531118e-09
-5.081931475063772e-09
-5.081934420607535e-09
-5.081832148579538e-09
-5.091782346739851e-09
-5.087560539969441e-09
-5.088591216966628e-09
-5.083468321175948e-09
-5.0931179495333445e-09
-5.094189034736775e-09
-5.09421655041826e-09
-5.0925954295860665e-09
-5.092076282926984e-09
-5.117455109915588e-09
-5.117284446899324e-09
-5.13886251313847e-09
-5.1387493935098335e-09
-5.13841203674394e-09
-5.1380644660736886e-09
-5.137641078908123e-09
-5.137009315473882e-09
-5.136924909641214e-09
-5.136598150560026e-09
-5.136939833488064e-09
-5.136425052996127e-09
-5.136079712825354e-09
-5.13604549127541e-09
-5.13611646310676e-09
-5.135176318054958e-09
-5.135616680689021e-09
-5.1350354905524715e-09
-5.135041548975279e-09
-5.142686671753927e-09
-5.08106368726254e-09
-5.080276397107714e-09
-5.0808938256438085e-09
-5.0803002157377774e-09
-5.079908937087929e-09
-5.079419733557533e-09
-5.0799949228698415e-09
-5.079779194333711e-09
-5.0789246675246405e-09
-5.078021675102689e-09
-5.085836690168208e-09
-5.0856027483275185e-09
-5.082369414992017e-09
-5.082199274299523e-09
-5.090104566264952e-09
-5.089659260705482e-09
-5.090142431942051e-09
-5.076383133467119e-09
-5.076372328038547e-09
-5.0763498243054045e-09
-5.075099056253666e-09
-5.075069368684166e-09
-5.074592147442522e-09
-5.084810908387879e-09
-5.081294441965968e-09
-5.0973660270844725e-09
-5.0975119504013475e-09
-5.097450667902084e-09
-5.09755040451179e-09
-5.095935539799569e-09
-5.100424195072279e-09
-5.099927737026711e-09
-5.099994022340801e-09
-5.099957434771949e-09
-5.09535299665983e-09
-5.095321887140096e-09
-5.095315833045467e-09
-5.0953536963146975e-09
-5.097749958284633e-09
-5.095597073030498e-09
-5.0955226326130314e-09
-5.08779209903406e-09
-5.087800317883997e-09
-5.087180662162847e-09
-5.085684928388419e-09
-5.084816401984381e-09
-5.084989621942118e-09
-5.0856547976307256e-09
-5.086093319340017e-09
-5.086096141765677e-09
-5.0860379514618e-09
-5.086445501806638e-09
-5.08608109175573e-09
-5.086169098182192e-09
-5.0861339046629425e-09
-5.086084212205752e-09
-5.086474972825372e-09
-5.086577104100862e-09
-5.0866439215569274e-09
-5.0866183663794825e-09
-5.085837232646067e-09
-5.089221150732631e-09
-5.084174400493561e-09
-5.084124034283171e-09
-5.084142809035397e-09
-5.083939795733687e-09
-5.085102824051638e-09
-5.205211171319339e-09
-5.205061114712071e-09
-5.205098196861605e-09
-5.205295887924373e-09
-2.967860328337607e-09
-2.967779862109422e-09
-2.97079933341065e-09
-2.9699132870842794e-09
-2.9686447899248186e-09
-2.9661375519381684e-09
-2.9661128136039193e-09
-2.966080028859366e-09
-2.9659300382218943e-09
-2.965753538737964e-09
-2.9654715242121028e-09
-2.965327121713958e-09
-2.964980048444462e-09
-2.964840215741084e-09
-2.966950384701268e-09
-2.9954511985833734e-09
-2.9937225119403714e-09
2.3046230679592944e-08
2.3072034559412157e-08
2.3072537515460473e-08
2.3072153580745097e-08
2.30731891414126e-08
2.3077428755870037e-08
2.3109876091212935e-08
2.311079238894449e-08
2.311530566318949e-08
2.3115687777327062e-08
2.3115954211555454e-08
2.3113890573988425e-08
2.3106370564009396e-08
2.3106981175166665e-08
2.310801186717603e-08
2.3108712597524503e-08
2.3110253068289948e-08
2.3110122092378478e-08
2.311063214123244e-08
2.3110987596311906e-08
2.3111418472004972e-08
2.3111627716056384e-08
2.311158911316331e-08
2.309997611236649e-08
2.3100711668459023e-08
2.3100406911954273e-08
2.3029561117306547e-08
2.302746620613316e-08
2.3027547412648334e-08
2.3028768796952514e-08
2.302910564024361e-08
2.302909232656011e-08
2.3030145179053165e-08
2.3030476922427824e-08
2.29983509605985e-08
2.30116567187183e-08
2.3012259695751014e-08
2.3012288407942784e-08
2.30129996848107e-08
2.3014554839365706e-08
2.301463662910486e-08
2.3013701951063427e-08
2.3014059659318378e-08
2.3015022597095863e-08
2.3016234474728275e-08
2.3016857315014896e-08
2.3018571353670648e-08
2.3019412535981344e-08
2.3019752449246397e-08
2.3011430539724757e-08
2.301113272025788e-08
2.3013878020113814e-08
2.3015109108722753e-08
2.300955926842134e-08
2.300944672506284e-08
2.300578706103871e-08
2.3007290107549363e-08
2.300794802004653e-08
2.300834338506487e-08
2.3008012758445276e-08
2.3007855642339154e-08
2.3015041014346804e-08
2.3027468926715787e-08
2.2988521277311183e-08
2.2989463504909633e-08
2.2989761483983137e-08
2.2985507075995882e-08
2.300196332374598e-08
2.300001984505783e-08
2.3002204525338346e-08
2.3002703218829657e-08
2.2928318586815165e-08
2.292893756052654e-08
2.2929396653594753e-08
2.2927770538812102e-08
2.2907270517386086e-08
2.2907725212947326e-08
2.2908324676748e-08
2.2908639985951222e-08
2.2909914296502917e-08
2.2907887812770345e-08
2.2908272398141117e-08
2.290866101397443e-08
2.2913294485953634e-08
2.291384021992418e-08
2.291462820145015e-08
2.2917929141704123e-08
2.3030411224975422e-08
2.303316440124576e-08
2.303358681877975e-08
2.3033138768407663e-08
2.3021662500722637e-08
2.302356014826452e-08
2.3024811251498672e-08
2.3026012084292558e-08
2.3026436431992015e-08
2.3026054638397428e-08
2.3027297059274393e-08
2.3027701771137856e-08
2.3011872325353832e-08
2.301032028886169e-08
2.3011036383676496e-08
2.3011199201368273e-08
2.300991106343181e-08
2.3839045230849013e-08
2.383953287959838e-08
2.3840406811537586e-08
2.384088013313293e-08
2.3841482229122458e-08
2.3841959292680293e-08
2.3842195900700305e-08
2.4539187526983436e-08
2.4473263723353942e-08
2.4474101850978017e-08
2.4475960769164918e-08
2.4477316251801335e-08
2.4481901239899433e-08
2.4482301999228506e-08
2.4479949411918378e-08
2.4480548516878845e-08
2.4477378887356083e-08
2.4389765496952476e-08
2.439038524183195e-08
2.4419124042801043e-08
2.4419425997584185e-08
2.4418980825224716e-08
2.441351337439237e-08
2.4412603783344597e-08
2.4412417469914273e-08
2.4412507769345236e-08
2.4402485076871534e-08
2.440421023758577e-08
2.4403390116923064e-08
2.4408076225777254e-08
2.440833527944423e-08
2.4362202931257078e-08
2.4362206439736946e-08
2.436194492016607e-08
2.4362321267743256e-08
2.4362677196609298e-08
2.436375243502995e-08
2.436335418197006e-08
2.4363271094130766e-08
2.4378560921740633e-08
2.4336216521361342e-08
2.433633257130492e-08
2.433652775852507e-08
2.433739508253548e-08
2.433758167728753e-08
2.433821898858363e-08
2.433914654818196e-08
2.422818210815778e-08
