-72.50264365762554
-72.50264363351464
-72.50264359311944
-72.50264353610079
-72.50264346122717
-72.50264336620073
-72.50264324672706
-72.50264309605197
-72.50264290348085
-72.50264265353799
-72.50264232883382
-72.50264191799829
-72.50264138961218
-72.50264070629495
-72.50263985346112
-72.50263880822719
-72.50263756619836
-72.50263609798206
-72.5026344052503
-72.50263246751648
-72.50263038291979
-72.50262815898591
-72.50262577689917
-72.50262317224747
-72.50262042982013
-72.50261750510543
-72.50261467727532
-72.50261167334638
-72.50260844061673
-72.50260497269093
-72.50260134591271
-72.50259764754048
-72.50259429084048
-72.50259140098855
-72.50258799565272
-72.50258384352729
-72.50258016136421
-72.50257729230967
-72.50257363273971
-72.50257129040517
-72.50256840768948
-72.5025661329319
-72.50256336739297
-72.50256114277994
-72.50255865331535
-72.50255594100896
-72.50255301998078
-72.50255065689223
-72.50254848781272
-72.50254480528778
-72.50254074392731
-72.50253786718339
-72.50253556679968
-72.50253268037008
-72.50252905805067
-72.5025252965121
-72.5025220148444
-72.50251783822362
-72.50251459802301
-72.50250932920444
-72.5025059026131
-72.50250453668471
-72.50250496112068
-72.50250537068483
-72.50250542729448
-72.50250459540231
-72.50250439880688
-72.50250417005665
-72.50250437676253
-72.50250419904862
-72.50250362510981
-72.50250261423325
-72.50250114527181
-72.50250000602058
-72.50249848133669
-72.5024953624946
-72.50249202214529
-72.50248915956563
-72.50248652279579
-72.50248647810159
-72.50248637106077
-72.50248427987846
-72.50248123271069
-72.50247731160007
-72.50247289124859
-72.50247245278673
-72.50247258786489
-72.5024726576433
-72.50247216608366
-72.50247102697519
-72.5024712217095
-72.50247168280288
-72.50247090487865
-72.50246907102876
-72.50246677613924
-72.50246490980851
-72.5024636358529
-72.50246215663125
-72.50246022216321
-72.50245857941343
-72.50245725124827
-72.50245441485998
-72.502453244982
-72.50245051838843
-72.50244970205948
-72.5024486235643
-72.50244798575945
-72.50244875500556
-72.50244732038387
-72.50244628438678
-72.50244328140798
-72.50244088100796
-72.5024411220197
-72.50243823607292
-72.50243649736238
-72.50243668902795
-72.50243597511856
-72.50243583698058
-72.50243812929867
-72.50243872500845
-72.50243948749221
-72.50243968087045
-72.50243891163467
-72.50243658039679
-72.50243452565132
-72.50243231238684
-72.50242980552567
-72.50242861205201
-72.50242740490812
-72.50242555736953
-72.50242243305223
-72.50241815876711
-72.5024122861585
-72.50240445585153
-72.50238914511262
-72.50237446916779
-72.50237057003224
-72.5023663817704
-72.502367036268
-72.50236799992796
-72.50236460029728
-72.50235976939253
-72.5023529659437
-72.50233515817081
-72.50231577118011
-72.50229252751906
-72.50227321734599
-72.50219742138827
-72.50221832614415
-72.50224566131578
-72.50225993231548
-72.50226801808259
-72.5022729892296
-72.50227532743968
-72.50227511884783
-72.50227481539525
-72.50227483246111
-72.50227476146422
-72.50227169484515
-72.50226434254785
-72.50225415717047
-72.50224480649155
-72.50224158365876
-72.50224179164971
-72.50224366143308
-72.50224561114156
-72.50224979051472
-72.50225119786317
-72.50225389581757
-72.50225460307549
-72.50225619459133
-72.50225629426448
-72.50225657439391
-72.50225465663901
-72.50225161876068
-72.50225131233432
-72.5022503225454
-72.50225133009302
-72.502253064866
-72.50225441934893
-72.5022545003019
-72.50225411178657
-72.50225543696732
-72.50225665644287
-72.50225700646885
-72.50225595406123
-72.5022554851744
-72.50225488394358
-72.50225449213329
-72.50225387108392
-72.502253299974
-72.50225224844364
-72.50225082609393
-72.50224902569167
-72.5022466852352
-72.50224402312529
-72.50224115460536
-72.50223793181293
-72.50223434095427
-72.50223021660402
-72.5022258318692
-72.50222136350104
-72.5022173701094
-72.50221357674315
-72.50220986594199
-72.50220561247887
-72.50220080426092
-72.50219654316072
-72.50218823191862
-72.50218434985078
-72.50217749005655
-72.50217305846463
-72.5021656836158
-72.50216072276069
-72.5021541174126
-72.50215268815073
-72.50214603629948
-72.50213972568733
-72.5021306701286
-72.50211491037444
-72.502054143063
-72.50196214161984
-72.50199291051707
-72.50202630994775
-72.5020410013386
-72.50204702155672
-72.50205272287732
-72.50205540092634
-72.50205854573348
-72.50206128438575
-72.50206156998046
-72.50206147056376
-72.50206062096063
-72.50205909434447
-72.50205677445261
-72.50205353763268
-72.50204951780506
-72.50204497709767
-72.50203985695227
-72.50203443759413
-72.502028128059
-72.50202045915051
-72.5020105435303
-72.50199860734034
-72.5019874950492
-72.50197775112854
-72.50196780234027
-72.5019583970992
-72.50194819359044
-72.50193473817188
-72.50191617755532
-72.50189024061241
-72.50185956699923
-72.50182345918506
-72.50179918691246
-72.5017443874328
-72.50172082585556
-72.50167065899468
-72.50168965011599
-72.50170054761561
-72.5017411081488
-72.50176516864009
-72.50178542079841
-72.50180356459316
-72.50181779029283
-72.50182999798156
-72.50184252715236
-72.50185378618168
-72.50186343283004
-72.50187233974432
-72.50187970558832
-72.5018861165585
-72.5018917848055
-72.50189701450712
-72.50190171688344
-72.50190614466851
-72.5019103684584
-72.5019142873357
-72.501917957502
-72.50192141784628
-72.50192462800213
-72.50192776785663
-72.50193080618091
-72.50193358646018
-72.50193620366217
-72.5019386669639
-72.50194102707141
-72.50194330735297
-72.5019454072556
-72.50194739228014
-72.50194921672446
-72.50195093909913
-72.50195254986923
-72.50195405546216
-72.50195545914512
-72.50195671680524
-72.50195789844197
-72.50195898407829
-72.5019599634382
-72.50196082940386
-72.50196158511687
