-144.29315812361713
-144.29318726862445
-144.29322499231583
-144.29326769134832
-144.29331214219476
-144.29335773594488
-144.2934077851462
-144.29345599365817
-144.29351031317617
-144.29356954766777
-144.2936302770068
-144.29369911086732
-144.29376918263452
-144.29384333613604
-144.2939151035315
-144.29399086331227
-144.29406767463158
-144.29414672633575
-144.29422865081122
-144.29431835512435
-144.29440815405138
-144.29449462033304
-144.29458751355656
-144.29467929060485
-144.2947737310293
-144.29487207609944
-144.2949724248126
-144.29507266237675
-144.29517463563417
-144.29527932180545
-144.29538592047965
-144.2954945736598
-144.2956039004551
-144.29571375971597
-144.2958269413607
-144.29594215297467
-144.29606068464884
-144.2961767313107
-144.2962962880201
-144.2964165714279
-144.29653844851768
-144.29666363563717
-144.2967878954531
-144.29691156555054
-144.29704232252018
-144.2971723423184
-144.2973045894311
-144.29743553944434
-144.29756777967452
-144.29770322690783
-144.2978389244717
-144.2979740963525
-144.29811380933748
-144.2982519015808
-144.2983909288168
-144.29853243970848
-144.2986721391821
-144.29881494166384
-144.29895542103176
-144.2991004372443
-144.29924410680377
-144.2993874646901
-144.29953283434952
-144.29967816650478
-144.29982329440244
-144.29996927137367
-144.30011469595917
-144.3002619390842
-144.30040825943814
-144.30055461000157
-144.30070119723337
-144.30084778389457
-144.30099461966532
-144.3011416353375
-144.3012888593085
-144.30143657568993
-144.30158625270585
-144.30173702754905
-144.30188806726522
-144.30203766151197
-144.30218711464886
-144.30233623872962
-144.30248684119263
-144.30263774586712
-144.302786455528
-144.30293498107034
-144.30308343308891
-144.30323075715847
-144.30337827710528
-144.30352470083443
-144.30366994095743
-144.3038154773927
-144.3039588556254
-144.30410151370245
-144.3042455529588
-144.30439251497984
-144.30454110565623
-144.30468667603614
-144.30483169766887
-144.30497413113173
-144.30511704483445
-144.3052662437259
-144.30541160082788
-144.30555891200362
-144.30570509569483
-144.3058512416414
-144.3059934461331
-144.30613134240494
-144.30626771997512
-144.3064036829807
-144.30653831385357
-144.3066726541076
-144.30680665045546
-144.30694010269409
-144.30706894268474
-144.30719544550996
-144.30732348697816
-144.30746082797367
-144.30759106113155
-144.3077213925823
-144.30785837941013
-144.30799324637044
-144.30812155406355
-144.3082352034854
-144.30834719250078
-144.308459005374
-144.30858818087322
-144.30872020388412
-144.30884812754385
-144.30896942840806
-144.30907571446102
-144.30916075011183
-144.30924141822868
-144.3093257286432
-144.30941791222455
-144.30953309669985
-144.30962153358752
-144.3096900188432
-144.30969782813995
-144.30979252075994
-144.30993292718702
-144.3100295504416
-144.31009058673254
-144.31007847437368
-144.31017196399208
-144.31027322346176
-144.31034691897668
-144.31048274533384
-144.31060648631788
-144.3107298830599
-144.3108547841644
-144.3109678958995
-144.31106255774858
-144.31114693257345
-144.3112216264809
-144.31125645993535
-144.3112434097964
-144.31128007507314
-144.3112733459704
-144.31125905303077
-144.3112755792146
-144.31131380691676
-144.31134724174316
-144.31131755876152
-144.3112179153319
-144.31112902293708
-144.3109849791332
-144.3108394867955
-144.31072311298257
-144.31059261231883
-144.31039252546893
-144.31028841428753
-144.31026744691746
-144.3102310266107
-144.31011024287872
-144.3097548537814
-144.3094400772131
-144.30919495254813
-144.3088747983119
-144.30842668230318
-144.30772535874087
-144.30620443997051
-144.2969348726302
-144.29269373568212
-144.2970057586393
-144.29888712702325
-144.29994844269416
-144.3006358638571
-144.30116421791848
-144.3016108628499
-144.30198932046594
-144.30232036400938
-144.30258057736316
-144.30279499691784
-144.3029692509574
-144.30312226755606
-144.30325158025477
-144.30333594072673
-144.30337477740676
-144.3034155994719
-144.30340192873834
-144.3033686984188
-144.3033054180412
-144.30322335906305
-144.3031137428617
-144.30300184427182
-144.30283920792488
-144.30266866988347
-144.3024590757893
-144.30223664142494
-144.30197549900066
-144.30168515833338
-144.3013988597734
-144.30108229051194
-144.30074140275016
-144.3004109328609
-144.30007387751894
-144.2996920674126
-144.29930279968144
-144.2989426002404
-144.29855823871074
-144.29814033473613
-144.2977290094963
-144.2972930157001
-144.29686472653344
-144.29638782378547
-144.29592096428695
-144.29545275274694
-144.2949808865386
-144.2944976037307
-144.29398170192997
-144.29350559775858
-144.29299020732736
-144.2924814873171
-144.2919242753533
-144.29146188481934
-144.29101380152673
-144.29050533755466
-144.29006998199358
-144.28966868741148
-144.28930827076962
-144.28891010682244
-144.28854605511074
-144.28818172147436
-144.2878571667826
-144.28751141794126
-144.28719161101822
-144.28685102393487
-144.2865954724276
-144.2862780526292
-144.28596109334626
-144.28567345772643
-144.28539712960023
-144.28510769234316
-144.28487231301403
-144.28466545581077
-144.2844992885377
-144.28437770640184
-144.2842737963265
-144.28416825151513
-144.28407660029012
-144.28393089333227
-144.28375561132705
-144.28355491184195
-144.2834092157624
-144.28329238097973
-144.28320992283963
-144.28311422403328
-144.2830450573558
-144.28297302334576
-144.2828721228857
-144.2827623275986
-144.28266367970264
-144.28261169977137
-144.28259420216295
-144.28259128331388
-144.28254976105063
-144.2824637823986
-144.2824145282771
-144.28233977952058
-144.28228533783013
-144.2822519577137
-144.2822204459997
-144.28222586144693
-144.28223556483658
-144.28218257673146
-144.28214826722174
-144.2820596540566
-144.28209046404535
-144.28204731524315
-144.28193578920775
-144.28187411913459
-144.2818234205893
-144.28176109460554
-144.281692262759
-144.28161006277108
-144.28155892569802
-144.2815122852843
-144.2815031680512
-144.2814443106606
-144.2813393820789
