-7362.111128119981
-7362.110299377355
-7362.109728330724
-7362.108612463053
-7362.108031574526
-7362.10693368551
-7362.106525566266
-7362.105414403222
-7362.104888964802
-7362.103758786072
-7362.103160938963
-7362.10243412024
-7362.102174483709
-7362.10134370672
-7362.10051607151
-7362.100082094523
-7362.099051961147
-7362.099140185967
-7362.098657270329
-7362.09856666124
-7362.097749746802
-7362.098070605336
-7362.097786723559
-7362.098071573977
-7362.097653380598
-7362.097873466611
-7362.097307441927
-7362.097434454804
-7362.096722559991
-7362.0963401636245
-7362.095104117785
-7362.094217374521
-7362.092491723567
-7362.091534385817
-7362.091289817262
-7362.090342204909
-7362.090047845285
-7362.089538998349
-7362.089640599797
-7362.0890158958955
-7362.088308387857
-7362.088140402989
-7362.087171396398
-7362.087668705041
-7362.087364991965
-7362.087534289352
-7362.087720979811
-7362.087181364918
-7362.087215719664
-7362.086346044791
-7362.086760947714
-7362.087926251913
-7362.088305445415
-7362.089466220583
-7362.089788088062
-7362.090483985493
-7362.090326233448
-7362.0905359263215
-7362.089906711503
-7362.090034048581
-7362.0893752749635
-7362.0894265309635
-7362.088774743164
-7362.08935465439
-7362.089030535997
-7362.089300622945
-7362.088844404541
-7362.089775512636
-7362.0899055990085
-7362.090342125007
-7362.091220768766
-7362.092128483812
-7362.093633296582
-7362.094411804002
-7362.095867997768
-7362.096921728486
-7362.097370718892
-7362.098445589739
-7362.098817416788
-7362.099934312192
-7362.100534207105
-7362.101710291801
-7362.1031775176625
-7362.104092248442
-7362.105274642219
-7362.10591221496
-7362.107052610766
-7362.107676006081
-7362.108744804667
-7362.109341513588
-7362.110319348506
-7362.11135502967
-7362.112698253842
-7362.113536744306
-7362.1138705010635
-7362.114493965435
-7362.115298045182
-7362.116257448965
-7362.116773127917
-7362.116845082036
-7362.117739450009
-7362.118190093151
-7362.118690815466
-7362.119520786858
-7362.119938506971
-7362.120729610259
-7362.121356852421
-7362.121625623239
-7362.122259103559
-7362.122475603428
-7362.123091656524
-7362.1234281105135
-7362.124128964043
-7362.1244764062385
-7362.125195704001
-7362.125546007204
-7362.125527315849
-7362.125690939942
-7362.125481309024
-7362.125454366628
-7362.125058429671
-7362.12502641119
-7362.124640981375
-7362.124604896891
-7362.124241040731
-7362.124428874352
-7362.1241997275165
-7362.123553600228
-7362.123265544948
-7362.122619018323
-7362.1226233999005
-7362.122215530199
-7362.121395409221
-7362.120894753332
-7362.120436228352
-7362.11953397854
-7362.118921635199
-7362.11843429275
-7362.117503225471
-7362.1173777227195
-7362.11683996869
-7362.115889963383
-7362.115183998963
-7362.114560291647
-7362.114260025818
-7362.113542779534
-7362.1132062151555
-7362.112397561113
-7362.112025051019
-7362.111135540435
-7362.11073031035
-7362.109780259229
-7362.109078606649
-7362.107824458984
-7362.106837987544
-7362.105306695066
-7362.104333684225
-7362.102843672891
-7362.1019116569205
-7362.10049534831
-7362.099710846095
-7362.098321603569
-7362.09750940907
-7362.096541597616
-7362.096093888953
-7362.095075039832
-7362.09404889278
-7362.093469552161
-7362.09315695114
-7362.092043328398
-7362.091265625735
-7362.0908783918485
-7362.08976485261
-7362.089140723267
-7362.088510001304
-7362.08847119108
-7362.087729337059
-7362.087667513754
-7362.088378792106
-7362.08825116277
-7362.0885020898495
-7362.087899367453
-7362.087679506233
-7362.086620737321
-7362.086351432481
-7362.085296016945
-7362.084993949492
-7362.08398883824
-7362.084209134049
-7362.083525400239
-7362.083502297827
-7362.082752890064
-7362.083430221315
-7362.083306530844
-7362.084682263578
-7362.085256974589
-7362.085928429002
-7362.087198955139
-7362.087743175926
-7362.088980575428
-7362.08987184137
