-144.2932784853271
-144.2933051940453
-144.29333121030788
-144.29337301859184
-144.29340726252104
-144.29344832564027
-144.29349440169702
-144.2935450263553
-144.29359570498187
-144.2936589675624
-144.29371922556538
-144.2937876160871
-144.2938520211892
-144.29392741699638
-144.29399722561232
-144.2940721419377
-144.29415059784628
-144.29423698329083
-144.2943210096198
-144.2944053504336
-144.29449459552575
-144.29458163037185
-144.29467537192707
-144.2947730732418
-144.2948659426242
-144.29496562741605
-144.29506556103507
-144.29516683175976
-144.2952710718687
-144.2953779518425
-144.29548665509017
-144.29559668227014
-144.2957080184197
-144.29582097078347
-144.29593477946045
-144.2960488397818
-144.2961698388927
-144.29628754726122
-144.296409615219
-144.29653430305683
-144.29665777524
-144.2967850389775
-144.29691185986445
-144.297038827769
-144.29716919773995
-144.2973014234487
-144.29743260598391
-144.29756515324564
-144.29770001489152
-144.29783233306048
-144.29797193491066
-144.29810962186744
-144.29824779738667
-144.2983877736443
-144.29852952794243
-144.2986701298388
-144.2988133939137
-144.2989565242038
-144.29910062195378
-144.29924702029552
-144.29939236087586
-144.29953863074616
-144.29968679335775
-144.2998333490937
-144.2999823332741
-144.30013038462036
-144.30027934626986
-144.30042702574735
-144.30057639761205
-144.30072716730436
-144.30087632193406
-144.3010259417087
-144.301176396333
-144.30132734134807
-144.30147825940756
-144.30162889523973
-144.30178062068788
-144.30193308765124
-144.3020844062278
-144.30223697079632
-144.30238970685048
-144.302541529551
-144.30269277125007
-144.30284484708903
-144.30299664516437
-144.30314708444988
-144.30329565965522
-144.3034447972941
-144.30359195791203
-144.30373824735807
-144.30388025136168
-144.3040167322765
-144.30415433989714
-144.30429986247702
-144.3044426276213
-144.30458817662083
-144.30473845217452
-144.3048895985281
-144.3050399797705
-144.30518720751243
-144.30533432626345
-144.30548045310383
-144.30562435308693
-144.30576649163666
-144.3059036664018
-144.30603022353785
-144.30615743744923
-144.3062894313846
-144.30642884903264
-144.30656371899093
-144.30671180855384
-144.3068525818937
-144.30698736065006
-144.30712599935836
-144.3072694906238
-144.3074072435542
-144.30754167707295
-144.30767331645288
-144.30780411912392
-144.30793257623577
-144.30806007249785
-144.30818709545235
-144.30830848994015
-144.3084208802672
-144.30852377775295
-144.3086105910199
-144.3087151369589
-144.30882005578266
-144.30892456417524
-144.3090460556994
-144.30917472607783
-144.3092965883529
-144.3094185298426
-144.3095361627199
-144.30963783829512
-144.30975482088903
-144.3098642317637
-144.30996560411867
-144.3100532199914
-144.3100807924401
-144.31012167332563
-144.31014538290205
-144.31019643209103
-144.31022768258663
-144.31035031684578
-144.31048461724328
-144.3106216981687
-144.31074425209817
-144.310855178839
-144.3109585923938
-144.31105323278564
-144.31113260241514
-144.3111824721826
-144.3111992524917
-144.3112204623267
-144.31122655660036
-144.3112391432264
-144.3112204626017
-144.3110906179978
-144.31085779989695
-144.31076042278542
-144.3107784163951
-144.31037693532946
-144.30998039668708
-144.31034553248293
-144.31065085587161
-144.3108276948223
-144.3109345002973
-144.31098895049772
-144.31100415310337
-144.31099300115656
-144.31098640012164
-144.31095541173434
-144.31089199991067
-144.31077656773837
-144.31055807731647
-144.31030825491214
-144.31012214294384
-144.30981127438264
-144.30937103019946
-144.30877629257594
-144.30765788143438
-144.30232551905152
-144.2672791609808
-144.28807600684914
-144.29068841601514
-144.29190283414115
-144.29260621874525
-144.29305752516177
-144.29336705346634
-144.293616156251
-144.29377463722216
-144.2939067492801
-144.2939871911936
-144.29401069047623
-144.29400677159333
-144.29396295646922
-144.29389605147895
-144.29377262235354
-144.29360532446285
-144.29346468401826
-144.2932804074814
-144.2930126665338
-144.29276600831787
-144.29242825375778
-144.2921461681358
-144.29188481884316
-144.29157215132443
-144.2911964412354
-144.29087486327512
-144.29051849871234
-144.2901560551817
-144.2897805929831
-144.28944994108042
-144.28905926654318
-144.2886950518921
-144.28831048022664
-144.28789303442014
-144.2875087571637
-144.2871095585704
-144.28667179309755
-144.28620948471755
-144.28572830448104
-144.28526750077626
-144.28476794401388
-144.2842647553916
-144.28374100112867
-144.28327381424032
-144.28276961478653
-144.2823764423291
-144.28193588881604
-144.28145162961326
-144.28095282566005
-144.28047173386048
-144.2799913213633
-144.27956807265699
-144.27917881137608
-144.27879537263996
-144.2784056518342
-144.2780260705951
-144.27766351249917
-144.27723054788146
-144.2767772371909
-144.27646193394216
-144.27616915325805
-144.2759060569506
-144.27558521566172
-144.27529989676628
-144.27503802226045
-144.27470864834808
-144.2743940220463
-144.27411811064312
-144.2739048573623
-144.2736790143477
-144.27347751157612
-144.27330658166161
-144.27313360719785
-144.27295424532318
-144.2727635868414
-144.27258448583234
-144.27241702273236
-144.27226193406688
-144.27206449719043
-144.27188251478657
-144.2717894835329
-144.27171328701817
-144.27163451944375
-144.27153403377233
-144.2714508260255
-144.27140738075633
-144.27129979765425
-144.27117599289454
-144.27105741783245
-144.2709781613611
-144.27098327549498
-144.2709030793839
-144.27078950742168
-144.27069965547423
-144.27055908511284
-144.27047485956643
-144.27041062635186
-144.27030788912143
-144.270170270982
-144.27007933525636
-144.26995828162813
-144.2698591730888
-144.2697134127109
-144.2696058287913
-144.26955376338398
-144.2694710329289
-144.26944705634733
-144.26944584122947
-144.26942950766653
-144.2694095909392
-144.26937942761361
-144.2692754435621
-144.2692163037171
-144.26915184288453
-144.26908696107895
-144.2690329741535
-144.2689617666401
